astro-ph.graph Sync 1.000000e-05  10  100
1.00
1.00
1.20
1.00
1.00
1.00
1.00
1.00
1.40
2.00
1.10
1.20
1.00
1.20
1.00
1.00
1.50
1.00
1.10
1.00
1.10
1.50
1.00
1.60
1.00
1.10
1.10
1.50
1.00
1.40
1.00
1.00
1.10
1.00
1.00
1.00
1.00
1.00
1.40
1.00
1.00
1.00
1.00
1.20
1.00
1.20
1.40
1.20
1.00
2.00
1.00
1.00
1.40
1.00
1.00
1.00
1.30
1.00
1.00
1.00
1.20
1.00
1.00
1.20
1.00
1.20
1.20
1.00
1.00
1.00
1.00
1.00
1.00
1.00
1.00
1.30
1.00
1.00
1.40
1.10
1.40
1.00
1.70
1.10
1.00
1.00
1.00
1.10
1.00
1.30
1.10
1.00
1.70
1.10
1.00
1.00
1.00
1.00
1.40
