astro-ph.graph Sync 1.000000e-04  10  1000
1.40
1.60
1.20
1.00
1.10
1.10
1.40
2.00
1.20
1.10
1.40
1.20
1.00
3.30
1.20
1.70
1.60
1.30
1.50
1.30
1.10
1.80
1.50
1.30
1.60
4.10
2.10
1.10
3.60
1.70
1.20
2.10
1.70
1.10
3.00
2.10
2.20
1.40
1.20
2.10
1.50
2.50
1.70
1.60
1.40
1.00
3.40
2.40
1.20
1.50
1.30
1.30
1.40
1.00
1.80
1.60
2.50
1.40
1.80
1.40
1.80
1.20
2.60
1.70
1.60
1.90
1.40
1.30
2.30
1.40
1.60
1.60
1.00
1.60
1.40
2.20
1.60
1.10
1.30
1.20
1.50
1.60
1.80
1.10
1.30
1.20
1.30
1.60
2.50
1.50
2.10
1.60
1.10
2.00
2.20
2.00
1.70
2.10
1.30
2.20
1.90
1.20
1.70
1.60
2.20
1.10
2.40
1.20
1.20
1.50
1.50
1.50
1.40
1.70
2.60
1.80
1.10
1.70
1.40
1.40
2.40
2.60
2.00
3.30
1.00
1.50
1.10
4.20
1.40
3.40
2.20
1.90
1.50
1.30
1.70
1.90
1.00
1.70
1.50
1.00
1.30
1.50
1.60
1.20
1.80
1.70
3.60
1.30
1.00
4.50
1.00
2.10
1.10
1.10
1.50
1.60
1.40
1.70
2.40
1.50
2.50
1.20
2.00
1.50
1.90
1.30
1.90
1.50
1.20
1.20
1.40
2.40
1.60
2.20
2.50
2.10
1.90
1.90
2.00
2.00
4.30
1.40
2.00
3.70
3.00
1.40
4.00
1.20
2.60
1.10
1.50
1.50
1.10
1.40
1.20
1.40
2.30
1.70
1.90
1.30
2.40
2.70
1.10
1.30
1.40
1.60
1.80
1.90
2.30
3.90
1.30
2.60
1.30
1.20
2.10
1.20
2.70
1.20
2.40
1.60
1.20
2.70
1.60
1.10
1.60
1.70
1.00
2.20
1.10
2.00
1.80
1.60
1.30
1.20
1.60
2.20
3.60
1.70
3.20
2.20
1.40
1.20
1.40
2.10
1.40
2.90
2.10
1.30
1.80
1.20
2.10
2.20
3.10
1.10
1.30
2.00
3.10
2.80
1.20
1.00
1.60
2.00
1.60
1.60
1.10
3.30
3.10
1.40
3.60
2.50
2.30
1.70
2.60
1.90
2.00
1.20
3.00
1.10
1.50
1.50
1.90
1.20
1.30
2.20
1.80
1.90
2.20
1.40
2.50
1.20
1.40
1.50
1.10
1.10
1.10
1.30
1.30
2.30
2.30
2.60
1.00
1.40
1.60
2.30
2.20
2.30
1.20
2.20
1.00
1.40
1.50
1.90
1.40
1.20
1.30
1.20
1.30
1.40
1.10
1.20
4.10
1.80
1.50
2.70
1.70
2.00
1.80
3.20
1.70
1.20
1.40
1.90
1.30
1.20
1.00
2.50
1.20
1.90
2.10
1.20
1.60
1.10
1.50
4.00
1.60
3.10
2.70
1.00
2.00
2.80
1.50
1.30
2.80
1.00
3.50
3.10
2.30
1.50
1.20
1.90
2.90
1.50
1.90
1.20
2.00
1.40
1.70
1.10
1.10
1.00
1.70
1.40
1.60
1.30
1.20
1.60
2.00
2.40
1.90
1.40
3.80
1.30
1.10
3.00
1.70
1.30
1.00
1.50
3.50
1.20
2.70
1.40
1.00
2.30
1.90
2.80
3.70
1.60
1.40
1.40
1.70
3.00
1.20
1.60
1.20
2.80
1.90
1.50
1.10
1.50
1.10
3.60
5.00
2.20
1.10
2.10
1.20
1.30
2.50
1.90
1.20
1.40
2.20
2.20
1.20
1.30
2.00
1.80
1.30
1.90
3.60
1.10
1.60
2.50
1.20
1.40
1.10
1.80
1.50
1.40
2.20
1.30
1.90
1.90
3.20
2.10
1.30
1.60
2.10
2.30
1.70
2.40
1.20
1.20
1.80
4.80
1.90
2.50
1.00
1.00
1.10
1.60
1.20
1.60
1.00
1.90
1.40
1.30
3.10
1.70
2.30
2.00
1.20
2.40
1.70
1.70
1.30
1.20
1.60
2.20
1.70
4.00
1.10
1.20
1.60
1.30
1.20
1.00
1.00
2.10
1.60
1.50
1.70
2.70
5.20
1.30
1.10
1.50
1.30
2.60
1.00
1.20
1.60
1.30
1.80
1.60
1.50
2.10
1.40
1.50
1.00
2.20
1.50
1.50
2.30
1.40
1.60
1.20
1.60
2.00
1.70
1.80
2.70
2.10
2.70
1.80
1.00
1.10
1.80
1.20
2.30
3.20
1.00
1.50
3.50
3.60
2.00
1.50
2.00
1.20
1.60
1.10
1.70
3.00
1.40
1.10
3.40
1.10
2.10
1.20
1.40
2.10
3.70
1.80
1.40
1.20
1.40
1.50
4.40
1.40
1.20
1.60
1.40
1.50
3.40
1.60
1.90
1.50
3.90
2.20
2.80
1.60
1.20
1.40
2.10
1.40
2.50
1.60
3.80
1.30
1.30
1.40
2.30
1.20
2.30
2.80
2.30
1.60
1.20
1.30
1.80
1.90
1.70
2.10
2.10
1.60
2.10
1.40
1.70
1.20
1.10
1.20
1.10
2.80
1.20
1.40
1.60
1.30
1.20
1.70
1.00
1.20
1.00
1.20
1.20
1.10
1.70
1.70
1.50
3.10
1.60
3.00
1.00
1.30
1.70
1.00
2.20
1.40
1.70
1.70
3.50
1.20
1.30
2.80
1.20
1.60
1.70
1.20
1.80
2.30
1.20
1.00
1.30
1.80
1.00
1.60
1.00
1.00
2.00
1.20
1.20
1.50
2.50
1.60
1.60
1.30
4.00
2.10
2.10
3.00
5.80
1.20
1.80
1.20
1.30
2.10
2.10
1.10
1.50
3.80
2.00
1.20
1.50
2.60
3.20
1.60
1.80
1.20
1.00
1.40
1.50
1.00
1.70
1.20
2.20
2.00
1.60
1.40
2.70
2.60
1.30
1.40
2.40
1.20
2.50
1.70
1.60
1.70
2.20
1.70
1.70
1.30
1.20
1.30
2.40
2.70
1.70
2.70
1.20
1.90
1.00
3.30
3.30
2.50
2.80
1.00
1.10
3.50
1.90
1.70
1.60
3.00
4.00
1.40
2.20
1.00
1.30
1.50
1.60
2.40
1.40
3.00
1.20
1.90
2.90
2.50
1.70
5.00
5.00
1.20
1.80
2.70
1.00
1.00
1.40
1.70
1.70
1.50
1.90
1.30
1.30
2.70
1.40
1.30
2.80
2.30
1.50
2.60
1.50
1.50
1.00
1.20
3.10
2.00
2.40
1.20
1.50
3.70
3.30
2.10
2.30
1.20
1.20
2.30
2.40
1.20
1.00
1.60
1.10
1.70
1.00
1.20
1.90
1.00
1.60
1.30
1.20
1.10
1.10
1.10
2.30
1.40
1.40
1.40
5.20
2.80
1.10
1.90
3.20
1.40
1.20
1.20
1.90
2.50
1.70
1.50
1.70
3.00
1.20
3.40
1.30
1.30
1.90
4.10
1.50
2.10
1.10
2.90
1.50
2.00
1.20
1.40
3.70
1.20
1.80
1.30
2.30
3.50
1.40
2.90
2.20
1.30
1.20
1.30
1.70
1.50
2.20
1.10
1.20
1.20
1.40
1.50
1.20
1.60
1.00
1.30
1.10
1.30
1.20
1.20
1.40
1.80
5.20
1.20
2.30
1.60
1.60
1.50
2.10
1.20
1.20
1.50
1.50
1.70
1.40
1.40
3.40
2.20
3.40
2.80
1.50
2.40
1.80
1.40
1.30
1.80
1.40
1.70
1.30
1.70
1.10
1.00
1.00
2.50
1.20
1.80
1.40
1.50
2.40
1.40
1.10
1.80
2.80
1.80
2.70
1.20
2.60
2.10
5.60
1.40
3.20
1.00
1.10
2.00
1.10
1.50
1.20
1.10
1.90
2.30
1.30
1.30
1.20
2.40
1.10
1.50
1.20
1.20
2.20
1.30
1.50
1.70
1.10
2.00
1.60
3.20
1.80
3.50
1.70
1.30
1.20
1.80
1.70
1.60
2.10
1.40
1.20
1.50
1.10
1.00
1.10
7.20
1.60
1.50
2.30
1.40
1.70
1.50
4.30
1.70
1.80
3.40
1.70
3.00
1.40
1.20
1.00
3.80
2.60
1.20
2.00
1.80
1.50
1.30
1.40
1.50
1.70
2.40
2.40
2.30
1.50
2.20
2.40
4.40
2.10
3.30
1.60
1.10
1.20
3.00
1.60
1.00
2.00
1.20
2.10
1.50
2.30
1.20
1.20
2.50
1.50
2.40
1.10
2.20
1.00
2.30
2.90
1.50
1.50
